favorite_count,retweet_count,tweet_id,user_count
35078,7377,892420643555336193,8962764
30367,5497,892177421306343426,8962764
22829,3633,891815181378084864,8962764
38352,7556,891689557279858688,8962764
36631,8141,891327558926688256,8962764
18468,2728,891087950875897856,8962764
10741,1764,890971913173991426,8962764
59059,16516,890729181411237888,8962764
25416,3780,890609185150312448,8962764
28998,6401,890240255349198849,8962764
27987,6425,890006608113172480,8962764
25435,4359,889880896479866881,8962764
43669,8759,889665388333682689,8962764
24551,3913,889638837579907072,8962764
13835,1976,889531135344209921,8962764
22906,4653,889278841981685760,8962764
26525,3926,888917238123831296,8962764
23286,3709,888804989199671297,8962764
17953,3023,888554962724278272,8962764
19856,3040,888078434458587136,8962764
27596,4724,887705289381826560,8962764
42219,10298,887517139158093824,8962764
62476,15732,887473957103951883,8962764
30650,9226,887343217045368832,8962764
27936,5221,887101392804085760,8962764
31648,6679,886983233522544640,8962764
10885,2780,886736880519319552,8962764
20484,3921,886680336477933568,8962764
19228,2772,886366144734445568,8962764
25483,5533,886258384151887873,8962764
29668,5877,885984800019947520,8962764
32739,5589,885528943205470208,8962764
19940,3832,885167619883638784,8962764
69997,15809,884925521741709313,8962764
25327,4897,884876753390489601,8962764
22140,4114,884562892145688576,8962764
24718,4989,884441805382717440,8962764
18592,2621,884162670584377345,8962764
19906,2991,883838122936631299,8962764
41716,8647,883482846933004288,8962764
20659,3223,883360690899218434,8962764
33751,5804,883117836046086144,8962764
21757,3395,882992080364220416,8962764
25718,4278,882762694511734784,8962764
25541,5308,882627270321602560,8962764
40766,10142,882268110199369728,8962764
26695,4259,882045870035918850,8962764
22195,2982,881906580714921986,8962764
46165,9351,881666595344535552,8962764
45059,14036,881536004380872706,8962764
21222,4657,881268444196462592,8962764
15585,2446,880935762899988482,8962764
19408,3351,880872448815771648,8962764
25912,5450,880465832366813184,8962764
24537,3636,880221127280381952,8962764
25171,3812,880095782870896641,8962764
20394,3049,879862464715927552,8962764
21422,2777,879492040517615616,8962764
96285,39164,879415818425184262,8962764
15378,2745,879376492567855104,8962764
20564,4133,879050749262655488,8962764
17352,2350,879008229531029506,8962764
17707,3609,878776093423087618,8962764
7040,1120,878281511006478336,8962764
38442,5988,878057613040115712,8962764
72150,16630,877736472329191424,8962764
20715,3334,877556246731214848,8962764
25057,4580,877316821321428993,8962764
24740,4887,877201837425926144,8962764
18916,2931,876838120628539392,8962764
17177,2086,876484053909872640,8962764
25603,4093,876120275196170240,8962764
22961,3758,875747767867523072,8962764
20049,4318,875144289856114688,8962764
23364,4162,875021211251597312,8962764
25473,4093,874680097055178752,8962764
23855,3644,874296783580663808,8962764
20828,3515,874057562936811520,8962764
31278,9014,874012996292530176,8962764
22201,3479,873580283840344065,8962764
6558,1399,873213775632977920,8962764
24961,4779,872967104147763200,8962764
13533,3298,872820683541237760,8962764
19025,3223,872620804844003328,8962764
37391,8060,872486979161796608,8962764
31419,7184,872122724285648897,8962764
34413,9688,871879754684805121,8962764
18553,3086,871762521631449091,8962764
18530,3079,871515927908634625,8962764
20912,3383,871032628920680449,8962764
30916,5491,870804317367881728,8962764
11302,2314,870656317836468226,8962764
76595,23743,870374049280663552,8962764
20172,3693,870308999962521604,8962764
33601,7408,870063196459192321,8962764
39268,9064,869772420881756160,8962764
25956,5613,869702957897576449,8962764
14724,2774,869596645499047938,8962764
18811,3355,869227993411051520,8962764
60176,12858,868880397819494401,8962764
24516,4722,868622495443632128,8962764
9289,1838,868552278524837888,8962764
22363,3750,867900495410671616,8962764
31380,6565,867774946302451713,8962764
14831,2232,867421006826221569,8962764
29763,7082,867051520902168576,8962764
17799,3102,866686824827068416,8962764
112917,31686,866450705531457537,8962764
48370,12811,866334964761202691,8962764
23806,5067,865718153858494464,8962764
24492,4506,865359393868664832,8962764
25961,6974,865006731092295680,8962764
29867,7835,864873206498414592,8962764
13541,2711,864279568663928832,8962764
27752,7958,864197398364647424,8962764
19144,3746,863907417377173506,8962764
14144,3792,863553081350529029,8962764
22072,4745,863432100342583297,8962764
7821,2183,863062471531167744,8962764
17821,4654,862831371563274240,8962764
15906,3221,862722525377298433,8962764
18971,4459,862457590147678208,8962764
68877,20964,862096992088072192,8962764
33563,9731,861383897657036800,8963188
15961,3758,861288531465048066,8962764
15561,3481,861005113778896900,8962764
6977,1942,860563773140209665,8962764
22033,4816,860524505164394496,8963188
17175,3211,860276583193509888,8962764
15532,5350,860184849394610176,8962764
18311,3748,859924526012018688,8962764
14448,3222,859851578198683649,8962764
17438,1414,859607811541651456,8962764
83806,27542,859196978902773760,8962764
31589,12504,859074603037188101,8962764
14629,3181,858843525470990336,8962764
20207,4470,858471635011153920,8962764
14764,2651,858107933456039936,8962764
15063,2368,857989990357356544,8962764
32056,9775,857746408056729600,8962764
5523,1508,857393404942143489,8962764
18875,4159,857263160327368704,8962764
17699,3666,857029823797047296,8962764
15406,2664,856543823941562368,8962764
26137,5814,856282028240666624,8962764
43327,16792,855851453814013952,8962764
28117,7629,855459453768019968,8962764
21492,5643,854732716440526848,8962764
27613,6337,854482394044301312,8962764
17881,4364,854365224396361728,8962764
30297,6947,854120357044912130,8962764
15402,2936,854010172552949760,8962764
27096,5375,853760880890318849,8962764
32842,9333,853639147608842240,8962764
14716,3316,853299958564483072,8962764
8554,1689,852912242202992640,8962764
14184,2021,852672615818899456,8962764
15471,3257,852553447878664193,8962764
31519,9309,852311364735569921,8962764
19009,6397,852226086759018497,8962764
10940,1488,852189679701164033,8962764
15521,3263,851591660324737024,8962764
23136,6634,851464819735769094,8962764
19744,5406,851224888060895234,8962764
29324,8519,850753642995093505,8962764
12523,2442,850380195714523136,8962764
15600,3562,850145622816686080,8962764
19506,4587,850019790995546112,8962764
29046,7158,849776966551130114,8962764
15202,2966,849412302885593088,8962764
10931,1779,849336543269576704,8962764
40539,7983,849051919805034497,8962764
24157,4089,848690551926992896,8962764
23703,4370,848324959059550208,8962764
15643,2849,848212111729840128,8962764
22571,4808,847962785489326080,8962764
5204,1247,847842811428974592,8962764
18024,3243,847606175596138505,8963188
19699,4101,847251039262605312,8962764
19055,5522,847157206088847362,8962764
20636,3016,847116187444137987,8962764
19311,3722,846874817362120707,8962764
42837,10931,846514051647705089,8962764
30332,8566,846153765933735936,8962764
15375,2710,846042936437604353,8962764
28126,8249,845812042753855489,8962764
24282,4577,845677943972139009,8962764
7341,1693,845397057150107648,8962764
22466,5101,845306882940190720,8962764
14472,3007,844973813909606400,8962764
15865,2957,844580511645339650,8962764
13184,2075,844223788422217728,8962764
20716,4383,843856843873095681,8962764
16302,2601,843604394117681152,8962764
20751,5704,843235543001513987,8962764
14784,3466,842846295480000512,8962764
6501,1205,842765311967449089,8962764
17521,3349,842535590457499648,8962764
23604,5518,842163532590374912,8962764
13521,2882,842115215311396866,8962764
24943,7487,841680585030541313,8962764
12196,3492,841439858740625411,8962764
15303,4428,841314665196081154,8962764
22123,5086,841077006473256960,8962764
11894,927,840696689258311684,8962765
8704,1676,840632337062862849,8962765
15910,4353,840370681858686976,8962765
18639,5478,840268004936019968,8962765
13008,2172,839990271299457024,8962765
26577,7431,839549326359670784,8962765
26268,6236,839239871831150596,8962765
10805,1956,838921590096166913,8962765
10641,1272,838561493054533637,8962765
21801,4552,838476387338051585,8962765
17125,2991,838083903487373313,8962765
33085,7529,837820167694528512,8962765
3747,425,837482249356513284,8962765
12432,2167,837471256429613056,8962765
15584,2269,837110210464448512,8962765
12403,2209,836989968035819520,8962765
18830,4463,836753516572119041,8962765
12288,2138,836677758902222849,8962765
14384,2876,836380477523124226,8962765
20732,4147,836260088725786625,8962765
18544,4098,836001077879255040,8962765
17326,3467,835574547218894849,8962765
16040,2882,835297930240217089,8962765
7505,1621,835264098648616962,8962765
25482,5546,835172783151792128,8962765
21787,2887,835152434251116546,8962765
10499,1562,834931633769889797,8962765
20893,5329,834786237630337024,8962765
13294,2423,834574053763584002,8962765
9368,1610,834458053273591808,8962765
20011,4568,834209720923721728,8963189
15425,3536,834167344700198914,8962765
12723,2125,834086379323871233,8962765
13099,2318,833863086058651648,8962765
17671,3623,833826103416520705,8962765
20350,3120,833722901757046785,8962765
14505,1968,833479644947025920,8962765
19714,4674,833124694597443584,8962765
12924,2121,832998151111966721,8962765
16448,3486,832757312314028032,8962765
15485,2685,832636094638288896,8962765
11690,2132,832397543355072512,8962765
16753,3081,832369877331693569,8962765
11067,2253,832273440279240704,8962765
17420,4504,832032802820481025,8962765
23384,5935,831939777352105988,8962765
26906,6281,831911600680497154,8962765
10180,1755,831670449226514432,8962765
6956,1858,831650051525054464,8962765
8767,2252,831552930092285952,8962765
9069,1497,831322785565769729,8962765
6376,1080,831315979191906304,8962765
11498,2390,831309418084069378,8962765
11623,1977,831262627380748289,8962765
7803,1443,830956169170665475,8962765
65126,16180,830583320585068544,8962765
9537,2835,830097400375152640,8962765
11981,1874,829861396166877184,8962765
31008,10254,829501995190984704,8962765
10226,1943,829449946868879360,8962765
23806,7096,829141528400556032,8962765
52137,15858,829011960981237760,8962765
24992,5667,828770345708580865,8962765
35666,10833,828708714936930305,8962765
9298,1294,828650029636317184,8962765
6211,1121,828409743546925057,8962765
7516,1242,828408677031882754,8962765
12321,2158,828381636999917570,8962765
7231,1037,828376505180889089,8962766
12308,2838,828372645993398273,8962766
11482,2770,828046555563323392,8962766
10126,2092,828011680017821696,8962765
19619,5082,827933404142436356,8962766
15159,2927,827653905312006145,8962766
7313,911,827600520311402496,8962766
15500,2938,827324948884643840,8962766
10348,2155,827199976799354881,8962766
21087,4833,826958653328592898,8962766
35423,9846,826848821049180160,8962766
9799,2278,826598365270007810,8962766
18017,4063,826476773533745153,8962766
12990,2533,826240494070030336,8962766
4775,891,826204788643753985,8962766
15305,3014,826115272272650244,8962766
10265,1805,825876512159186944,8962766
12495,2427,825829644528148480,8962766
55853,17100,825535076884762624,8962766
17914,4403,825147591692263424,8962765
6136,1210,825026590719483904,8962766
14619,3401,824775126675836928,8962766
10318,1717,824663926340194305,8962766
11585,10299,824325613288833024,8962766
14751,3739,824297048279236611,8962766
10420,2641,823939628516474880,8962766
13700,2451,823699002998870016,8962766
12747,2554,823581115634085888,8962767
15426,3900,823322678127919110,8962767
16999,3351,822975315408461824,8962767
128951,41985,822872901745569793,8962767
12977,2210,822859134160621569,8963191
14519,2862,822610361945911296,8962767
17788,6227,822489057087389700,8962767
27380,13854,822462944365645825,8962767
34342,9624,822244816520155136,8962767
11104,2243,821886076407029760,8962767
8235,1620,821765923262631936,8962767
7882,1706,821522889702862852,8962767
11518,4204,821407182352777218,8962767
8456,1906,821149554670182400,8962767
9420,2074,821107785811234820,8962767
12438,2218,821044531881721856,8962767
30980,9632,820749716845686786,8962767
12014,3149,820690176645140481,8962767
3285,549,820314633777061888,8962767
19440,6129,820078625395449857,8962767
5228,1139,819952236453363712,8962767
12703,4768,819924195358416896,8962767
13135,3043,819711362133872643,8962767
9485,1947,819588359383371776,8962767
7101,1174,819347104292290561,8962767
22649,6538,819227688460238848,8962767
44628,18621,819006400881917954,8962767
85643,36140,819004803107983360,8962767
22026,7374,818627210458333184,8962767
9661,2472,818614493328580609,8962767
10672,2390,818536468981415936,8962767
10818,2198,818259473185828864,8962767
12060,2490,818145370475810820,8962767
50671,26419,817827839487737858,8962767
10566,2619,817777686764523521,8962767
11580,2878,817536400337801217,8962767
33177,14323,817423860136083457,8962767
5502,928,817415592588222464,8962767
8623,1978,817171292965273600,8962767
12009,2536,817120970343411712,8962767
8442,1604,817056546584727552,8962767
9841,1993,816816676327063552,8962767
9623,2140,816697700272001025,8962767
29877,7849,816450570814898180,8962767
8458,1900,816336735214911488,8962767
8788,2088,816091915477250048,8962767
4861,990,815990720817401858,8962767
22014,8238,815966073409433600,8962767
9684,2216,815736392542261248,8962767
8096,1610,815639385530101762,8962767
10196,3734,815390420867969024,8962767
7538,1245,814986499976527872,8962767
11103,2641,814638523311648768,8962767
8503,1828,814530161257443328,8962767
28291,8487,814153002265309185,8962767
9182,1822,813910438903693312,8962767
35927,13681,813812741911748608,8962767
8196,1716,813800681631023104,8962767
18363,7153,813217897535406080,8962767
9105,1783,813202720496779264,8962767
19566,4254,813187593374461952,8962767
9133,1891,813172488309972993,8962767
7657,2152,813157409116065792,8962767
8372,2343,813142292504645637,8962767
11637,3051,813127251579564032,8962767
10147,2677,813112105746448384,8962767
10421,3553,813096984823349248,8962767
9763,2733,813081950185472002,8962767
7815,1912,813066809284972545,8962767
20641,7208,813051746834595840,8962767
7436,1865,812781120811126785,8962767
6521,1414,812709060537683968,8962767
5974,1191,812503143955202048,8962767
7863,1893,812466873996607488,8962767
13466,3596,812372279581671427,8962767
7169,1372,811985624773361665,8962767
7430,1557,811744202451197953,8962767
12570,3003,811627233043480576,8962767
20634,6258,811386762094317568,8962767
5240,1403,810984652412424192,8962767
8878,1731,810896069567610880,8962767
10816,2579,810657578271330305,8962767
34719,11018,810284430598270976,8962767
14502,3306,810254108431155201,8962767
15356,3866,809920764300447744,8962767
6855,1436,809448704142938112,8962767
19641,5488,809220051211603969,8962767
13053,3462,809084759137812480,8962767
9981,2980,808838249661788160,8962767
7799,2123,808733504066486276,8962767
11153,2558,808501579447930884,8962767
8700,2167,808106460588765185,8962767
12351,3476,808001312164028416,8962767
14398,3549,807621403335917568,8962767
116477,54300,807106840509214720,8962767
12947,3797,807010152071229440,8962767
73581,33971,806629075125202948,8962767
10081,2319,806542213899489280,8962767
6377,1175,806219024703037440,8962767
8191,1891,805932879469572096,8962767
6482,1785,805826884734976000,8962767
5680,1630,805520635690676224,8962767
8698,2482,805487436403003392,8962767
7743,1691,805207613751304193,8962767
13512,3759,804738756058218496,8962767
43854,15821,804026241225523202,8962767
9932,2695,803773340896923648,8962767
10804,4079,803638050916102144,8962767
7667,1849,803380650405482500,8962768
9915,2412,803276597545603072,8962768
8910,1961,802952499103731712,8962768
8843,2473,802572683846291456,8962768
15979,5743,802323869084381190,8962768
8986,2576,802239329049477120,8962768
7665,1689,801958328846974976,8962768
8133,2036,801538201127157760,8962768
5967,804,801285448605831168,8962768
24149,5802,801167903437357056,8962768
7977,2069,801115127852503040,8962768
10456,2752,800751577355128832,8962767
12996,2949,800513324630806528,8962767
9401,2143,800459316964663297,8962768
11031,2765,800388270626521089,8962768
15095,2497,800141422401830912,8962768
27976,12906,800018252395122689,8962768
8292,2123,799757965289017345,8962768
7972,1893,799422933579902976,8962768
9751,2698,799297110730567681,8963192
8003,2436,799063482566066176,8962768
12922,4377,798933969379225600,8962768
7431,1418,798925684722855936,8962768
10293,2505,798209839306514432,8962768
11447,3052,797971864723324932,8962768
14384,4800,797545162159308800,8962768
19687,6455,797236660651966464,8962768
7595,1892,796865951799083009,8962768
11660,2982,796759840936919040,8962768
7484,1724,796484825502875648,8962768
10859,4073,796387464403357696,8962768
31856,14037,796149749086875649,8962768
8973,2365,796116448414461957,8962768
8354,2267,796080075804475393,8962768
10664,3656,796031486298386433,8962768
48877,23136,795464331001561088,8962768
9904,2814,795400264262053889,8962768
15989,5355,795076730285391872,8962768
10101,2273,794926597468000259,8962768
9499,2635,794332329137291264,8962767
9128,3267,794205286408003585,8962768
16617,4808,793962221541933056,8962768
9121,1825,793845145112371200,8962768
7886,1586,793601777308463104,8962768
10545,2338,793500921481273345,8962768
24291,9015,793286476301799424,8962767
8596,2358,793271401113350145,8962768
19742,8212,793256262322548741,8962767
10386,3242,793241302385262592,8962768
9684,2837,793226087023144960,8962768
8820,2749,793210959003287553,8962768
15070,5534,793195938047070209,8962768
6856,1967,793180763617361921,8962768
9277,2740,793165685325201412,8962768
6110,1672,793150605191548928,8962768
6325,2463,793135492858580992,8962768
12493,3848,793120401413079041,8962768
14123,3910,792913359805018113,8962768
11157,4193,792883833364439040,8962768
7274,1648,792773781206999040,8962768
13244,4235,792394556390137856,8962768
7057,1756,792050063153438720,8962768
11600,3081,791672322847637504,8962768
12984,4044,791406955684368384,8962768
8648,2491,791312159183634433,8962768
9693,2095,790987426131050500,8962768
16463,4603,790946055508652032,8962768
8098,1886,790698755171364864,8962768
20382,6985,790581949425475584,8962768
7729,1854,790337589677002753,8962767
12398,3120,790277117346975746,8962768
9136,2266,789986466051088384,8962768
7383,1731,789628658055020548,8962768
6645,1885,789599242079838210,8962768
11567,3323,789530877013393408,8962768
8992,2564,789268448748703744,8962768
9573,2739,789137962068021249,8962768
27060,12264,788908386943430656,8962768
26961,10108,788765914992902144,8962768
15328,5167,788412144018661376,8962768
7138,2056,788178268662984705,8962768
6037,1253,788150585577050112,8962768
6045,1286,788039637453406209,8962768
8507,2985,787810552592695296,8962768
10124,2725,787717603741622272,8962768
10749,2797,787397959788929025,8962768
7686,1705,787322443945877504,8962768
26266,7818,786963064373534720,8962768
18025,6011,786709082849828864,8962768
10449,2487,786664955043049472,8962768
9339,3072,786595970293370880,8962768
10739,3406,786363235746385920,8962768
15009,4610,786233965241827333,8963192
11226,3125,785927819176054784,8962768
6613,1762,785872687017132033,8962768
7758,2194,785639753186217984,8962768
8965,1951,785533386513321988,8962768
7158,1592,785264754247995392,8962768
11849,4721,785170936622350336,8962768
9952,3170,784826020293709826,8962768
8851,2473,784517518371221505,8962768
5652,1245,784431430411685888,8962768
29491,10565,783839966405230592,8963192
7262,1919,783821107061198850,8962768
10304,3147,783695101801398276,8962768
8315,2183,783466772167098368,8962768
16640,5344,783391753726550016,8962768
28651,11415,783334639985389568,8962768
8033,2147,783085703974514689,8963192
23758,7196,782969140009107456,8962768
7361,1383,782747134529531904,8962768
16987,5273,782722598790725632,8962768
7684,1835,782598640137187329,8962768
16382,5416,782305867769217024,8962768
10962,3296,781955203444699136,8962768
10272,2656,781661882474196992,8962768
20423,5427,781524693396357120,8962768
8273,2028,781251288990355457,8962768
9639,2693,781163403222056960,8962768
21251,7108,780931614150983680,8962768
7083,1961,780858289093574656,8962768
5388,1263,780800785462489090,8962768
11891,3285,780601303617732608,8962768
6192,1702,780543529827336192,8962768
5197,1047,780459368902959104,8962768
8550,2188,780192070812196864,8962768
18535,6839,779834332596887552,8962768
8610,3031,779377524342161408,8962768
14484,4409,779056095788752897,8962768
19575,6994,778990705243029504,8962768
6753,1269,778748913645780993,8962768
5644,1462,778650543019483137,8962768
4524,987,778624900596654080,8962768
13357,4198,778408200802557953,8962768
5712,1069,778383385161035776,8962768
10183,3213,778286810187399168,8962768
8330,2573,778039087836069888,8962768
6431,1564,778027034220126208,8962768
6235,1587,777885040357281792,8962768
11020,2852,777684233540206592,8962768
8563,2448,777621514455814149,8962768
13954,4199,777189768882946048,8962768
4788,1175,776813020089548800,8962768
8632,2697,776477788987613185,8962768
29254,15405,776218204058357768,8962768
9388,2450,776201521193218049,8962768
11537,4238,776113305656188928,8962768
1798,146,776088319444877312,8962768
11466,2587,775842724423557120,8962768
13606,3887,775733305207554048,8962768
12743,4481,775729183532220416,8962768
7228,2874,775364825476165632,8962768
15217,4589,775085132600442880,8962768
8434,1735,774757898236878852,8962768
6598,1683,774639387460112384,8962768
21320,5368,774314403806253056,8962768
10520,3753,773985732834758656,8962768
6270,1704,773922284943896577,8962768
6462,1575,773704687002451968,8962768
5238,1278,773670353721753600,8962768
21628,5974,773547596996571136,8962768
22815,7271,773308824254029826,8962768
9264,3166,773247561583001600,8962768
9786,4019,773191612633579521,8962768
8365,3767,772877495989305348,8962768
7864,2294,772826264096874500,8962768
6346,1656,772581559778025472,8962768
5882,1344,772193107915964416,8962768
3727,1104,772152991789019136,8962768
3688,719,772117678702071809,8962768
2674,458,772114945936949249,8962768
3919,910,772102971039580160,8962768
11735,3271,771770456517009408,8962768
8092,2540,771500966810099713,8962768
10262,4907,771380798096281600,8962768
8941,2840,771136648247640064,8962768
6090,1398,771102124360998913,8962768
6737,1606,771014301343748096,8962768
4814,1166,770787852854652928,8963192
5072,1376,770772759874076672,8962768
7191,1735,770655142660169732,8962768
6195,2039,770414278348247044,8962768
6084,1423,770293558247038976,8962768
7422,2227,770069151037685760,8962768
30542,9262,769940425801170949,8962768
6280,1636,769695466921623552,8963192
5263,1662,769212283578875904,8962768
13963,6307,768970937022709760,8962768
4084,862,768855141948723200,8962768
4016,1161,768609597686943744,8962768
4919,1241,768596291618299904,8962768
13296,3309,768473857036525572,8962768
10620,3433,768193404517830656,8962768
4641,1337,767884188863397888,8962768
15623,5217,767754930266464257,8962768
7330,2270,767500508068192258,8962768
12011,3640,767191397493538821,8962768
9940,2774,767122157629476866,8962768
4920,1320,766793450729734144,8962768
3917,774,766693177336135680,8962768
5867,1530,766423258543644672,8962768
6632,1822,766313316352462849,8962768
4124,822,766069199026450432,8962768
3667,483,766008592277377025,8963192
7066,2100,765719909049503744,8962768
5068,1201,765669560888528897,8962768
26075,3290,765395769549590528,8962768
6902,2103,765371061932261376,8962768
11369,3293,765222098633691136,8962768
6302,1725,764857477905154048,8962768
5869,1460,764259802650378240,8962768
12238,4020,763837565564780549,8962768
5239,1428,763183847194451968,8962768
7193,2238,763103485927849985,8962768
11825,3492,762699858130116608,8962768
10948,6207,762471784394268675,8962768
10034,4030,762464539388485633,8962768
4672,1080,762316489655476224,8962768
31014,15028,762035686371364864,8962768
5265,1937,761976711479193600,8962768
4171,835,761745352076779520,8962769
48129,28138,761672994376806400,8962769
4022,1156,761599872357261312,8962768
5050,1409,761334018830917632,8962769
4376,1054,761292947749015552,8962769
5196,1515,761227390836215808,8963193
11066,3371,761004547850530816,8962769
3726,940,760893934457552897,8962769
6420,1844,760656994973933572,8962769
4853,1250,760641137271070720,8962769
7380,3511,760539183865880579,8962769
26114,11106,760290219849637889,8962769
3847,846,760252756032651264,8962769
5551,1739,760190180481531904,8962769
14300,5451,759923798737051648,8962769
6564,1902,759846353224826880,8962769
5797,1848,759793422261743616,8962769
4560,1154,759557299618865152,8962769
8273,2385,759447681597108224,8962769
5931,1884,759197388317847553,8962769
14121,4017,759099523532779520,8962769
6304,1937,759047813560868866,8962769
3457,874,758854675097526272,8962778
10916,3724,758828659922702336,8962778
5592,1571,758740312047005698,8962778
3695,962,758474966123810816,8962778
4661,2139,758467244762497024,8962778
5063,1846,758405701903519748,8962778
3287,1023,758355060040593408,8962778
2628,361,758041019896193024,8962778
6685,3157,757741869644341248,8962778
4417,1172,757725642876129280,8962778
4443,1062,757611664640446465,8962778
4224,1022,757596066325864448,8962778
14726,6616,757400162377592832,8962778
5651,1679,757393109802180609,8962778
4390,1370,757354760399941633,8962778
6113,1916,756998049151549440,8962778
6451,1934,756939218950160384,8962778
4904,1254,756651752796094464,8962778
10131,3463,756526248105566208,8962778
3834,1071,756303284449767430,8962778
42853,17134,756288534030475264,8962778
6210,1482,756275833623502848,8962778
7101,2770,755955933503782912,8962778
15987,5170,755206590534418437,8962778
20596,10720,755110668769038337,8962778
6704,2424,754856583969079297,8962778
2521,502,754747087846248448,8962778
5138,1885,754482103782404096,8962778
3642,710,754449512966619136,8962778
7675,2271,754120377874386944,8962778
5681,2100,753655901052166144,8962778
7660,3427,753420520834629632,8962778
5581,1835,753398408988139520,8962778
7422,2240,753375668877008896,8962778
3265,1006,753294487569522689,8962778
3810,925,753026973505581056,8962778
6741,1516,752917284578922496,8962778
5842,1538,752682090207055872,8962778
4257,1502,752660715232722944,8962778
7154,3327,752519690950500352,8962778
3713,1062,752334515931054080,8962778
5786,1766,752173152931807232,8962778
5043,1267,751937170840121344,8962778
5662,1879,751830394383790080,8962778
7715,2941,751598357617971201,8962778
4265,1058,751583847268179968,8962778
4898,1210,751538714308972544,8962778
3119,970,751456908746354688,8962778
12140,5661,751251247299190784,8962778
6135,1746,751205363882532864,8962778
4920,1256,751132876104687617,8962778
4637,1314,750868782890057730,8962778
12770,4834,750719632563142656,8962778
4315,1108,750506206503038976,8962778
12785,4117,750429297815552001,8962778
4419,1101,750383411068534784,8962778
3010,925,750147208377409536,8962778
3504,1241,750132105863102464,8962778
4209,1265,750117059602808832,8962778
2950,813,750101899009982464,8962778
2110,515,750086836815486976,8962778
7578,3200,750071704093859840,8962778
3068,867,750056684286914561,8962778
3072,588,750041628174217216,8962778
2642,758,750026558547456000,8962778
3134,870,750011400160841729,8962778
2960,787,749996283729883136,8962778
4952,2379,749981277374128128,8962778
4534,1275,749774190421639168,8962778
5921,1581,749417653287129088,8962778
2530,510,749403093750648834,8962778
8299,3302,749395845976588288,8962778
5323,2158,749317047558017024,8962778
4660,1473,749064354620928000,8962778
3003,768,749036806121881602,8962778
10447,3273,748977405889503236,8962778
5618,2168,748932637671223296,8962778
2692,918,748705597323898880,8962778
4599,1529,748699167502000129,8962778
4117,1291,748692773788876800,8962778
5872,1916,748575535303884801,8962778
2139,647,748568946752774144,8962778
5064,1190,748346686624440324,8962778
3573,727,748324050481647620,8962778
3583,691,748307329658011649,8962778
5597,2062,747963614829678593,8962778
6409,2454,747933425676525569,8962778
2842,930,747885874273214464,8962778
2732,720,747844099428986880,8962778
4691,1121,747816857231626240,8963202
2261,540,747600769478692864,8962778
3560,1005,747594051852075008,8962778
5347,1549,747512671126323200,8962778
3752,1004,747461612269887489,8962778
5095,1506,747219827526344708,8962778
3253,872,747204161125646336,8962778
9242,3807,747103485104099331,8962778
5794,2050,746872823977771008,8962778
4708,1532,746790600704425984,8962778
5860,1728,746726898085036033,8963202
4512,1046,746507379341139972,8962778
5997,1569,746369468511756288,8962778
6666,2105,746131877086527488,8962778
3461,783,746056683365994496,8962778
3877,1021,745789745784041472,8962778
6779,2230,745712589599014916,8962778
6845,2449,745433870967832576,8962778
8283,2325,745422732645535745,8962778
6902,2633,745314880350101504,8962778
7002,2155,745057283344719872,8962778
2866,590,744995568523612160,8962778
7614,2576,744971049620602880,8962778
5415,1499,744709971296780288,8962778
6546,2015,744334592493166593,8962778
150836,74473,744234799360020481,8962778
4035,1053,743980027717509120,8962778
3536,929,743895849529389061,8962778
4323,1335,743609206067040256,8962778
17702,6264,743595368194129920,8962778
3416,904,743545585370791937,8962778
7663,3575,743510151680958465,8962778
4100,1175,743253157753532416,8962778
5987,1835,743222593470234624,8962778
3711,1309,743210557239623680,8962778
4263,1879,742528092657332225,8962778
7008,3758,742465774154047488,8962778
9487,3578,742423170473463808,8962778
6564,1877,742385895052087300,8962778
4152,1306,742161199639494656,8962778
4926,1479,742150209887731712,8962778
4390,1442,741793263812808706,8962778
7870,2627,741743634094141440,8962778
3561,784,741438259667034112,8962778
8471,3074,741303864243200000,8963202
9198,2954,741067306818797568,8962778
6122,2604,740995100998766593,8963202
3281,900,740711788199743490,8962778
2750,746,740699697422163968,8962778
17513,6538,740676976021798912,8962778
33771,12744,740373189193256964,8962778
2367,410,740365076218183684,8962778
3168,823,740359016048689152,8962778
6454,1877,740214038584557568,8962778
19232,5666,739979191639244800,8963202
3916,1034,739932936087216128,8962778
3662,821,739844404073074688,8962778
5214,1587,739606147276148736,8962778
38017,20264,739544079319588864,8962778
6881,2794,739485634323156992,8962778
111555,55494,739238157791694849,8962778
3642,1098,738885046782832640,8962778
3180,757,738883359779196928,8962778
4899,1468,738537504001953792,8962778
3139,787,738402415918125056,8962778
4165,1162,738184450748633089,8962778
8437,3192,738166403467907072,8962778
2408,616,738156290900254721,8962778
5074,1694,737826014890496000,8962778
9644,3316,737800304142471168,8962778
4847,1259,737678689543020544,8962778
9855,4253,737445876994609152,8962778
3469,776,737322739594330112,8962778
14101,7092,737310737551491075,8962778
4085,1649,736736130620620800,8962778
3832,1186,736365877722001409,8962778
7803,2665,736225175608430592,8962778
7585,2841,736010884653420544,8962778
3451,1095,735991953473572864,8962778
3893,1053,735648611367784448,8962778
5936,2252,735635087207878657,8962778
12540,4791,735274964362878976,8962778
3206,841,735256018284875776,8962778
3011,932,735137028879360001,8962778
2645,508,734912297295085568,8962778
12057,6018,734787690684657664,8962778
2410,510,734776360183431168,8962778
3446,749,733828123016450049,8962778
3540,979,733822306246479872,8962778
2999,906,733482008106668032,8962778
4018,1210,733460102733135873,8962778
51344,16328,733109485275860992,8963202
2335,512,732732193018155009,8962778
3423,853,732726085725589504,8962778
3516,747,732585889486888962,8962778
7772,2394,732375214819057664,8962778
14287,5133,732005617171337216,8962778
3364,954,731285275100512256,8962778
3693,1211,731156023742988288,8962778
5912,1890,730924654643314689,8962778
4695,2034,730573383004487680,8962778
3351,989,730427201120833536,8962778
3664,1014,730211855403241472,8962778
4658,1797,730196704625098752,8962778
3872,1070,729854734790754305,8962778
3824,1188,729823566028484608,8962778
5558,2208,729463711119904772,8962778
1806,304,729113531270991872,8962778
3023,779,728986383096946689,8962778
4483,1627,728760639972315136,8962778
2662,645,728751179681943552,8962778
3190,997,728653952833728512,8962778
4709,1906,728409960103686147,8962778
3570,916,728387165835677696,8962778
4117,1151,728046963732717569,8962778
4367,1595,728035342121635841,8962778
3968,1048,728015554473250816,8962778
2851,607,727685679342333952,8962778
5627,1666,727644517743104000,8962778
4287,1157,727524757080539137,8962778
3199,709,727314416056803329,8962778
2938,783,727286334147182592,8962778
3769,1328,727175381690781696,8962778
6604,2324,726935089318363137,8962778
3690,1446,726887082820554753,8962778
3432,961,726828223124897792,8962778
4254,1094,726224900189511680,8962778
6816,2542,725842289046749185,8962778
4005,1308,725786712245440512,8962778
4998,1692,725729321944506368,8962778
3593,1237,724983749226668032,8962778
2248,603,724771698126512129,8962778
5084,1589,724405726123311104,8962778
4172,1699,724049859469295616,8962778
2560,532,724046343203856385,8962778
4022,1470,724004602748780546,8962778
3738,1176,723912936180330496,8962778
7350,2788,723688335806480385,8962778
2916,846,723673163800948736,8962778
5085,1778,723179728551723008,8962778
3939,1495,722974582966214656,8962778
4790,1561,722613351520608256,8962778
4429,1741,721503162398597120,8962778
2430,586,721001180231503872,8962778
2979,731,720785406564900865,8962778
2361,629,720775346191278080,8962778
3974,1431,720415127506415616,8962778
6109,2387,720389942216527872,8962778
2752,932,720340705894408192,8962778
3709,1070,720059472081784833,8962778
4735,1916,720043174954147842,8962778
4649,1663,719991154352222208,8962778
4356,1361,719704490224398336,8962778
4859,1807,719551379208073216,8962778
2688,712,719367763014393856,8962778
4270,1177,719339463458033665,8963202
3303,903,719332531645071360,8962778
3341,1030,718971898235854848,8962778
5048,1668,718939241951195136,8962778
18120,7640,718631497683582976,8962778
2342,456,718613305783398402,8962778
2346,965,718540630683709445,8962778
2586,500,718460005985447936,8962778
4662,1440,718454725339934721,8962778
1838,474,718246886998687744,8962778
3715,945,718234618122661888,8962778
2356,569,717841801130979328,8962778
2750,1047,717790033953034240,8962779
5570,1757,717537687239008257,8962779
3037,800,717421804990701568,8962779
6036,1832,717047459982213120,8962779
3110,916,717009362452090881,8962779
4122,1115,716802964044845056,8962779
7906,1511,716791146589110272,8962779
2295,200,716439118184652801,8962779
2666,1006,716285507865542656,8962779
6517,1819,716080869887381504,8962779
3070,842,715928423106027520,8962779
4494,1613,715733265223708672,8962779
3760,1234,715696743237730304,8962779
4123,1529,715680795826982913,8962779
5262,1493,715360349751484417,8962779
2933,656,715342466308784130,8962779
2330,617,715220193576927233,8962779
4956,1779,715200624753819648,8962779
3991,1167,715009755312439296,8962779
3576,989,714982300363173890,8962779
3994,1349,714957620017307648,8962779
3147,946,714631576617938945,8962779
3498,880,714606013974974464,8962779
2919,699,714258258790387713,8962779
3147,800,714251586676113411,8962779
2196,831,714214115368108032,8962779
4153,1338,714141408463036416,8962779
3166,756,713919462244790272,8962779
2737,697,713900603437621249,8962779
4668,1303,713761197720473600,8962779
4265,1243,713411074226274305,8962779
6946,2735,713177543487135744,8962779
4282,1411,713175907180089344,8962779
18300,6424,712809025985978368,8962779
11837,4739,712717840512598017,8962780
4009,1156,712668654853337088,8962780
5118,1500,712438159032893441,8962780
3628,989,712097430750289920,8962780
2836,851,712092745624633345,8962780
3150,465,712085617388212225,8962780
2173,595,712065007010385924,8962780
7736,2202,711968124745228288,8962780
2734,951,711743778164514816,8962780
8463,3892,711732680602345472,8962780
31556,17493,711694788429553666,8962780
3711,867,711652651650457602,8962780
3496,1084,711363825979756544,8962780
3174,709,711306686208872448,8962780
2882,585,711008018775851008,8962780
4403,1326,710997087345876993,8962780
2446,651,710844581445812225,8962780
2584,507,710833117892898816,8962780
2225,536,710658690886586372,8962780
4365,1779,710588934686908417,8962780
2080,498,710283270106132480,8962780
4352,1200,710272297844797440,8962780
2306,1071,710269109699739648,8962780
2807,858,710153181850935296,8962780
2646,847,710140971284037632,8962780
5249,1884,710117014656950272,8962780
3367,1039,709918798883774466,8962780
641,98,709901256215666688,8962780
3373,1150,709852847387627521,8962780
3408,1149,709566166965075968,8962780
3158,1023,709556954897764353,8962780
1440,227,709519240576036864,8962780
2127,542,709449600415961088,8962780
2536,650,709409458133323776,8962780
2324,544,709225125749587968,8962780
12001,5503,709207347839836162,8962780
2360,612,709198395643068416,8962780
1957,393,709158332880297985,8962780
4554,1558,709042156699303936,8962780
2869,855,708845821941387268,8962780
1623,479,708834316713893888,8962780
15854,6597,708810915978854401,8962780
2661,780,708738143638450176,8962780
2436,686,708711088997666817,8962780
2447,647,708479650088034305,8962780
2989,783,708469915515297792,8962780
3450,1260,708356463048204288,8962780
2266,706,708349470027751425,8962780
4142,1489,708149363256774660,8962780
3256,819,708130923141795840,8962780
2583,936,708119489313951744,8962780
1881,533,708109389455101952,8962780
4236,1840,708026248782585858,8962780
3013,1081,707995814724026368,8962780
2582,918,707969809498152960,8962780
3158,916,707776935007539200,8962780
2408,585,707741517457260545,8962780
3265,952,707693576495472641,8962780
16341,6060,707610948723478529,8962780
2172,664,707420581654872064,8962780
2219,572,707411934438625280,8962780
3361,1217,707387676719185920,8962780
3144,1036,707377100785885184,8962780
2385,608,707315916783140866,8962780
2689,747,707297311098011648,8962780
2498,646,707059547140169728,8962780
2109,754,707038192327901184,8962780
3941,1294,707021089608753152,8962780
2230,573,707014260413456384,8962780
1971,558,706901761596989440,8962780
3180,936,706681918348251136,8962780
2474,1045,706644897839910912,8962780
2080,605,706593038911545345,8962780
3353,1370,706538006853918722,8962780
3008,985,706516534877929472,8962780
3327,887,706346369204748288,8962780
20466,7553,706310011488698368,8962780
1645,456,706291001778950144,8962780
2638,893,706265994973601792,8962780
4963,1529,706166467411222528,8962780
2989,697,705975130514706432,8962780
3068,854,705970349788291072,8962780
2290,527,705898680587526145,8962780
3057,1101,705591895322394625,8962780
2855,877,705475953783398401,8962780
4239,1544,705442520700944385,8962780
3664,1598,705428427625635840,8962780
2890,723,705239209544720384,8962780
2495,764,705223444686888960,8962780
2065,495,705102439679201280,8962780
2110,588,705066031337840642,8962780
2168,507,704859558691414016,8962780
4888,1453,704847917308362754,8962780
2543,939,704819833553219584,8962780
6382,2789,704761120771465216,8962780
2800,962,704499785726889984,8962780
3268,1027,704480331685040129,8962780
7687,3401,704364645503647744,8962780
1520,334,704347321748819968,8962780
1788,548,704113298707505153,8962780
2818,879,704054845121142784,8962780
1779,436,703774238772166656,8962780
3148,1093,703769065844768768,8962780
2481,640,703631701117943808,8962780
3701,1460,703611486317502464,8962780
2351,663,703407252292673536,8962780
3378,1096,703382836347330562,8962780
1844,368,703356393781329922,8962780
1913,520,703268521220972544,8962780
7116,2954,703079050210877440,8962780
25339,11898,703041949650034688,8962780
2489,689,702932127499816960,8962780
3114,1024,702684942141153280,8962780
2116,537,702671118226825216,8962780
11792,3295,702598099714314240,8962780
2781,918,702539513671897089,8962780
3162,1007,702321140488925184,8962780
2379,737,702276748847800320,8962780
4613,1286,702217446468493312,8962780
3323,942,701981390485725185,8962780
3707,981,701952816642965504,8962780
3416,1329,701889187134500865,8962780
2024,434,701601587219795968,8962780
2717,889,701570477911896070,8962780
2572,584,701545186879471618,8962780
11764,4869,701214700881756160,8962780
2141,542,700890391244103680,8962780
2507,598,700864154249383937,8962780
2374,479,700847567345688576,8962780
2350,895,700796979434098688,8962780
21950,8871,700747788515020802,8962780
2518,764,700518061187723268,8962780
2209,547,700505138482569216,8962780
3974,1705,700462010979500032,8963204
2546,700,700167517596164096,8962780
2168,643,700151421916807169,8962780
7236,2596,700143752053182464,8962780
2547,655,700062718104104960,8962780
2007,561,700029284593901568,8962780
3189,1283,700002074055016451,8962780
2933,909,699801817392291840,8962780
2156,490,699788877217865730,8962780
2632,1188,699779630832685056,8962780
1891,579,699775878809702401,8962780
9914,4398,699691744225525762,8962780
5734,2514,699446877801091073,8962780
2098,493,699434518667751424,8962780
1313,309,699423671849451520,8962780
2018,597,699413908797464576,8962780
1829,418,699370870310113280,8962780
3043,831,699323444782047232,8962780
2173,597,699088579889332224,8962780
2361,619,699079609774645248,8962780
2860,1140,699072405256409088,8962780
2515,1152,699036661657767936,8962780
3222,929,698989035503689728,8962780
2587,875,698953797952008193,8962780
2444,594,698907974262222848,8962780
2385,652,698710712454139905,8962780
1397,358,698703483621523456,8962780
1255,328,698635131305795584,8962780
2239,596,698549713696649216,8962780
1785,427,698355670425473025,8962780
2185,925,698342080612007937,8962780
4606,1912,698262614669991936,8962780
16154,5713,698195409219559425,8962780
2722,709,698178924120031232,8962780
1465,324,697995514407682048,8962780
3171,1234,697990423684476929,8962780
2307,646,697943111201378304,8962780
2907,1111,697881462549430272,8962780
3038,970,697616773278015490,8962780
2897,1209,697596423848730625,8963204
1968,481,697575480820686848,8962780
2339,640,697482927769255936,8962780
3303,1347,697463031882764288,8962780
4540,1807,697270446429966336,8962780
3181,961,697259378236399616,8962780
2962,1107,697255105972801536,8962780
2440,643,697242256848379904,8962780
3062,981,696900204696625153,8962780
2258,652,696894894812565505,8962780
4671,1717,696886256886657024,8962780
2362,685,696877980375769088,8962780
1431,347,696754882863349760,8962780
2289,621,696713835009417216,8962780
2424,983,696488710901260288,8962780
3090,1112,696405997980676096,8962780
2905,1105,695816827381944320,8962780
3053,739,695794761660297217,8962780
4401,2005,695629776980148225,8962780
4256,1743,695446424020918272,8962780
8365,3434,695409464418041856,8962780
3495,1392,695314793360662529,8962780
2551,588,695095422348574720,8962780
2740,1052,695074328191332352,8962780
1543,564,695064344191721472,8962780
2564,765,695051054296211456,8962780
2655,894,694905863685980160,8962780
34501,13732,694669722378485760,8962780
1966,583,694352839993344000,8962780
1927,482,694329668942569472,8962780
4009,1953,694206574471057408,8962780
2839,890,694183373896572928,8962780
3285,980,694001791655137281,8962780
1689,350,693942351086120961,8962780
2595,560,693647888581312512,8962780
2459,397,693642232151285760,8962780
2358,761,693629975228977152,8962780
1476,357,693622659251335168,8962780
4861,1870,693590843962331137,8962780
1705,604,693486665285931008,8962780
3232,1190,693280720173801472,8962780
2134,475,693262851218264065,8962780
2775,711,693231807727280129,8962780
7601,3072,693155686491000832,8962780
1644,581,693109034023534592,8962780
1798,435,693095443459342336,8962780
2593,728,692919143163629568,8962780
2348,839,692905862751522816,8962780
1700,576,692901601640583168,8962780
2185,760,692894228850999298,8962780
2775,855,692828166163931137,8962780
6572,3494,692752401762250755,8962780
4208,1471,692568918515392513,8962780
3045,1301,692535307825213440,8962780
1774,395,692530551048294401,8962780
9028,3311,692417313023332352,8962780
2450,783,692187005137076224,8962780
2070,755,692158366030913536,8962780
2787,910,692017291282812928,8962780
3822,1582,691820333922455552,8962780
2738,946,691756958957883396,8962780
1885,487,691675652215414786,8962780
2309,537,691483041324204033,8962780
3900,1089,691459709405118465,8962780
2542,809,691444869282295808,8962780
18641,7311,691416866452082688,8962780
2488,632,691321916024623104,8962780
2868,846,691096613310316544,8962780
1666,320,691090071332753408,8962780
3449,1195,690959652130045952,8962780
3945,1868,690938899477221376,8962780
3169,975,690932576555528194,8962780
3654,1221,690735892932222976,8962780
2103,495,690728923253055490,8962780
2241,787,690690673629138944,8962780
1255,262,690649993829576704,8962780
1881,580,690597161306841088,8962780
1822,431,690400367696297985,8962780
3132,807,690374419777196032,8962780
2567,842,690360449368465409,8962780
1624,394,690248561355657216,8962780
2704,983,690021994562220032,8962780
2397,701,690015576308211712,8962780
3539,1615,690005060500217858,8962780
1363,353,689999384604450816,8962780
1328,430,689977555533848577,8962780
2370,666,689905486972461056,8962780
2934,1110,689877686181715968,8962780
2101,721,689835978131935233,8962780
3119,896,689661964914655233,8962780
9994,3679,689659372465688576,8962780
2151,619,689623661272240129,8962780
11233,5275,689599056876867584,8962780
1981,436,689557536375177216,8962780
3278,1370,689517482558820352,8962780
2170,889,689289219123089408,8962780
3144,1056,689283819090870273,8962780
1915,677,689280876073582592,8962780
1102,235,689275259254616065,8962780
2977,951,689154315265683456,8962780
1955,483,689143371370250240,8962780
2617,823,688916208532455424,8962780
2038,732,688908934925697024,8962780
2023,749,688898160958271489,8962780
2170,655,688894073864884227,8962780
1333,350,688828561667567616,8962780
931,182,688804835492233216,8962780
2144,633,688789766343622656,8962780
2497,667,688547210804498433,8962780
2241,701,688519176466644993,8962780
8940,4278,688385280030670848,8962780
2166,793,688211956440801280,8962780
2061,561,688179443353796608,8962780
2724,742,688116655151435777,8962780
1673,347,688064179421470721,8962780
2657,1077,687826841265172480,8962780
2398,915,687818504314159109,8962780
2298,686,687807801670897665,8962780
2352,806,687704180304273409,8962780
1873,489,687664829264453632,8962780
1835,553,687494652870668288,8962780
1549,229,687480748861947905,8962780
1914,512,687476254459715584,8962780
1990,521,687460506001633280,8962780
19427,8779,687317306314240000,8962780
4209,1822,687312378585812992,8962780
5230,2167,687127927494963200,8962780
2110,486,687124485711986689,8962780
5612,2352,687109925361856513,8962780
2267,931,687102708889812993,8962780
2159,581,687096057537363968,8962780
8328,3061,686947101016735744,8962780
3357,1388,686749460672679938,8962780
3991,1149,686730991906516992,8962780
2726,770,686683045143953408,8962780
3566,1304,686618349602762752,8962780
1821,523,686606069955735556,8962780
3149,846,686386521809772549,8962780
2138,545,686377065986265092,8962780
2097,634,686358356425093120,8962780
2144,699,686050296934563840,8962780
2961,1095,686034024800862208,8962780
2391,392,686007916130873345,8962780
1764,594,686003207160610816,8962780
2021,496,685973236358713344,8962780
1570,565,685943807276412928,8962780
7212,2737,685906723014619143,8962780
2273,541,685667379192414208,8962780
3104,1394,685663452032069632,8962780
2814,738,685641971164143616,8962780
31692,14895,685547936038666240,8962780
2925,1106,685532292383666176,8962780
9087,3790,685325112850124800,8962780
2548,602,685321586178670592,8962780
3168,1001,685315239903100929,8962780
2005,419,685307451701334016,8962780
2983,1144,685268753634967552,8962780
2248,641,685198997565345792,8962780
3965,1368,685169283572338688,8962780
6563,2993,684959798585110529,8962780
3088,996,684940049151070208,8962780
3362,445,684926975086034944,8962780
3371,1391,684914660081053696,8962780
1796,506,684902183876321280,8962780
2008,770,684880619965411328,8962780
2626,956,684800227459624960,8962780
8560,3348,684594889858887680,8962780
2897,1159,684567543613382656,8962780
3738,1124,684481074559381504,8962780
1905,537,684460069371654144,8962780
7818,3126,684241637099323392,8962780
3691,1305,684222868335505415,8962780
2073,997,684200372118904832,8962780
1836,487,684195085588783105,8962780
3368,1111,684188786104872960,8962780
1946,631,684177701129875456,8962780
1931,449,684122891630342144,8962780
3959,1375,684097758874210310,8962780
3672,1074,683857920510050305,8962780
1874,331,683852578183077888,8962780
2520,912,683849932751646720,8962780
2531,1074,683834909291606017,8962780
2700,1013,683828599284170753,8962780
3225,1287,683773439333797890,8962780
6228,3172,683742671509258241,8962780
3057,922,683498322573824003,8962780
2570,956,683481228088049664,8962780
2336,645,683462770029932544,8962780
3734,1539,683449695444799489,8962780
7352,2293,683391852557561860,8962780
2786,874,683357973142474752,8962780
2759,993,683142553609318400,8962780
3274,872,683111407806746624,8962780
2091,625,683098815881154561,8962780
1929,544,683078886620553216,8962780
2087,713,683030066213818368,8962780
35337,15680,682962037429899265,8962780
2391,1061,682788441537560576,8962780
1460,418,682750546109968385,8962780
1266,349,682697186228989953,8962780
2937,1031,682662431982772225,8962780
1987,565,682638830361513985,8962780
3314,1101,682429480204398592,8962780
7278,1675,682406705142087680,8962780
2156,637,682393905736888321,8962780
1604,447,682389078323662849,8962780
2952,931,682303737705140231,8962780
3985,1138,682259524040966145,8962780
3103,1094,682242692827447297,8962780
4746,1598,682059653698686977,8962780
3075,895,682047327939461121,8963204
6330,1896,682032003584274432,8962780
2999,1448,682003177596559360,8962780
2700,987,681981167097122816,8962780
2382,779,681891461017812993,8962780
12319,3869,681694085539872773,8962780
1695,419,681679526984871937,8962780
2523,868,681654059175129088,8962780
1822,443,681610798867845120,8962780
3404,1240,681579835668455424,8962780
13726,5482,681523177663676416,8962780
8942,3899,681339448655802368,8962780
2542,707,681320187870711809,8962780
3773,1731,681302363064414209,8962780
3090,907,681297372102656000,8962780
3108,1050,681281657291280384,8962780
1402,253,681261549936340994,8962780
1429,502,681242418453299201,8962780
2319,464,681231109724700672,8962780
3555,1405,681193455364796417,8962780
2320,623,680970795137544192,8962780
4410,1910,680959110691590145,8962780
3069,993,680940246314430465,8962780
2012,415,680934982542561280,8962780
2318,591,680913438424612864,8962780
1698,352,680889648562991104,8962780
3319,1257,680836378243002368,8962780
2290,780,680801747103793152,8962780
2737,988,680798457301471234,8962780
2521,664,680609293079592961,8962780
3484,1264,680583894916304897,8962780
4077,1819,680497766108381184,8962780
1657,463,680494726643068929,8962780
2446,718,680473011644985345,8962780
1401,477,680440374763077632,8962780
1420,281,680221482581123072,8962780
2722,1108,680206703334408192,8962780
2073,477,680191257256136705,8962780
3734,1471,680176173301628928,8963204
2236,701,680161097740095489,8962780
3461,1663,680145970311643136,8962780
2206,897,680130881361686529,8962780
2616,864,680115823365742593,8962780
3452,1309,680100725817409536,8962780
12309,8570,680085611152338944,8962780
2487,818,680070545539371008,8962780
1895,619,679877062409191424,8962780
2363,588,679862121895714818,8962780
2744,1165,679854723806179328,8962780
2277,722,679844490799091713,8962780
34707,13337,679828447187857408,8962780
2991,1043,679777920601223168,8962780
2007,752,679736210798047232,8962780
2078,788,679729593985699840,8962780
1599,447,679722016581222400,8962780
4575,1976,679530280114372609,8962780
2531,687,679527802031484928,8962780
3230,1201,679511351870550016,8962780
3038,1393,679503373272485890,8962780
2008,611,679475951516934144,8962780
30169,17825,679462823135686656,8962780
20352,7633,679158373988876288,8962780
2673,972,679148763231985668,8962780
2851,1101,679132435750195208,8962780
5697,2453,679111216690831360,8962780
16214,7641,679062614270468097,8962780
2150,626,679047485189439488,8962780
2180,1095,678991772295516161,8962780
1565,432,678969228704284672,8962780
2458,854,678800283649069056,8962780
3310,1096,678798276842360832,8962780
2688,857,678774928607469569,8962780
3370,1287,678767140346941444,8962780
1555,442,678764513869611008,8962780
6766,3098,678755239630127104,8962780
3584,1571,678740035362037760,8962780
2729,1385,678675843183484930,8962780
1961,381,678643457146150913,8962780
3822,1451,678446151570427904,8962780
5221,2409,678424312106393600,8962780
4005,1704,678410210315247616,8962780
76525,30119,678399652199309312,8962780
1519,396,678396796259975168,8962780
1776,401,678389028614488064,8962780
2314,851,678380236862578688,8962780
1646,506,678341075375947776,8962780
1235,235,678334497360859136,8962780
10910,5776,678278586130948096,8962780
1513,348,678255464182861824,8962780
12954,5956,678021115718029313,8962780
1272,383,677918531514703872,8962780
4587,1953,677895101218201600,8962780
2899,922,677716515794329600,8962780
3226,1364,677700003327029250,8962780
1172,303,677698403548192770,8962780
2380,797,677687604918272002,8962780
3168,1418,677673981332312066,8962780
1851,892,677662372920729601,8962780
1769,763,677644091929329666,8962780
2033,657,677573743309385728,8962780
1240,433,677565715327688705,8962780
2330,1091,677557565589463040,8962780
6589,3469,677547928504967168,8962780
1016,217,677530072887205888,8962780
1280,269,677334615166730240,8962780
1037,222,677331501395156992,8962780
3480,1423,677328882937298944,8962780
1570,504,677314812125323265,8962780
1167,381,677301033169788928,8962780
1874,668,677269281705472000,8962780
3374,1548,677228873407442944,8962799
2589,858,677187300187611136,8962799
2631,1007,676975532580409345,8962799
2127,767,676957860086095872,8962800
1244,372,676949632774234114,8962800
2048,810,676948236477857792,8962800
1646,344,676946864479084545,8962800
1967,702,676942428000112642,8962800
12103,4670,676936541936185344,8962800
2132,686,676897532954456065,8962800
1982,660,676864501615042560,8962800
21687,14585,676821958043033607,8962800
1729,624,676819651066732545,8962800
1359,404,676811746707918848,8962800
4740,1908,676776431406465024,8962800
2731,898,676617503762681856,8962800
1030,187,676613908052996102,8962800
1806,409,676606785097199616,8962800
1099,360,676603393314578432,8962800
2188,735,676588346097852417,8962800
1127,256,676582956622721024,8962800
2436,1051,676575501977128964,8962800
1780,519,676533798876651520,8962800
1446,501,676496375194980353,8962800
11032,4400,676470639084101634,8962800
1633,619,676440007570247681,8962800
1326,318,676430933382295552,8962800
1982,507,676263575653122048,8962800
1143,265,676237365392908289,8962800
72503,29160,676219687039057920,8962800
1643,540,676215927814406144,8962800
2146,970,676191832485810177,8962800
1818,626,676146341966438401,8962800
2681,1097,676101918813499392,8962800
2829,1318,676098748976615425,8962800
1239,410,676089483918516224,8962800
1525,530,675898130735476737,8962800
2009,803,675891555769696257,8962800
2246,888,675888385639251968,8962800
3947,1314,675878199931371520,8962800
2544,1198,675853064436391936,8962800
2140,818,675845657354215424,8962800
1437,505,675822767435051008,8962800
987,223,675820929667219457,8962800
9689,3207,675798442703122432,8962800
1532,437,675781562965868544,8962800
1109,317,675740360753160193,8962800
1772,763,675710890956750848,8962800
614,87,675706639471788032,8962800
1740,382,675534494439489536,8962800
1118,358,675531475945709568,8962800
979,266,675522403582218240,8962800
1221,436,675517828909424640,8962800
16206,5476,675501075957489664,8962800
2961,1206,675497103322386432,8962800
1215,556,675489971617296384,8962800
1737,905,675483430902214656,8962800
1428,535,675432746517426176,8962800
1594,488,675372240448454658,8962800
998,211,675362609739206656,8962800
30635,15635,675354435921575936,8962800
2603,1202,675334060156301312,8962800
3329,1469,675166823650848770,8962800
5869,2393,675153376133427200,8962800
3505,1581,675149409102012420,8962800
885,216,675147105808306176,8962800
1110,272,675146535592706048,8962800
2010,834,675145476954566656,8962800
1222,440,675135153782571009,8962800
1828,731,675113801096802304,8962800
900,232,675111688094527488,8962800
2636,1049,675109292475830276,8962800
990,297,675047298674663426,8962800
2538,1099,675015141583413248,8963224
918,208,675006312288268288,8962800
1466,430,675003128568291329,8962800
803,333,674805413498527744,8962800
2824,793,674800520222154752,8962800
1034,231,674790488185167872,8962800
761,194,674788554665512960,8962800
1885,1108,674781762103414784,8962800
1035,436,674774481756377088,8962800
1703,725,674767892831932416,8962800
744,217,674764817387900928,8962800
1369,425,674752233200820224,8963224
1308,502,674743008475090944,8962800
1027,357,674739953134403584,8962800
607,81,674737130913071104,8962800
1072,438,674690135443775488,8962800
1510,601,674670581682434048,8962800
858,224,674664755118911488,8962800
1350,451,674646392044941312,8962800
973,254,674644256330530816,8962800
1581,543,674638615994089473,8962800
1406,533,674632714662858753,8962800
5849,1883,674468880899788800,8962800
998,333,674447403907457024,8962800
1038,360,674436901579923456,8962800
1344,498,674422304705744896,8962800
649,126,674416750885273600,8962800
1133,425,674410619106390016,8962800
1412,525,674394782723014656,8962800
799,294,674372068062928900,8962800
1323,479,674318007229923329,8962800
13741,5416,674291837063053312,8962800
1458,678,674271431610523648,8962800
856,213,674269164442398721,8962800
1523,779,674265582246694913,8962800
1234,417,674262580978937856,8962800
1366,499,674255168825880576,8962800
717,151,674082852460433408,8962800
934,261,674075285688614912,8962800
5965,2017,674063288070742018,8962800
3092,1195,674053186244734976,8962800
1359,455,674051556661161984,8962800
1321,595,674045139690631169,8963224
675,116,674042553264685056,8962800
1032,394,674038233588723717,8962800
804,189,674036086168010753,8962800
1663,1135,674024893172875264,8962800
1062,283,674019345211760640,8962800
1460,591,674014384960745472,8962800
1126,327,674008982932058114,8962800
1830,884,673956914389192708,8962800
1101,342,673919437611909120,8962800
2968,1521,673906403526995968,8962800
880,236,673887867907739649,8962800
3297,1905,673715861853720576,8962800
977,276,673711475735838725,8962800
789,246,673709992831262724,8962800
1000,263,673708611235921920,8962800
1035,359,673707060090052608,8962800
1180,379,673705679337693185,8962800
1342,527,673700254269775872,8962800
3690,1800,673697980713705472,8962800
1630,597,673689733134946305,8962800
1181,456,673688752737402881,8962800
1344,401,673686845050527744,8962800
1279,431,673680198160809984,8962800
1176,342,673662677122719744,8962800
677,217,673656262056419329,8962800
1028,334,673636718965334016,8962800
1501,668,673612854080196609,8962800
1118,333,673583129559498752,8962800
776,254,673580926094458881,8962800
1290,519,673576835670777856,8962800
966,281,673363615379013632,8962800
1352,617,673359818736984064,8962800
1408,528,673355879178194945,8962800
1563,498,673352124999274496,8962800
711,195,673350198937153538,8962800
2337,1166,673345638550134785,8962800
907,247,673343217010679808,8962800
1188,526,673342308415348736,8962800
12525,7228,673320132811366400,8962800
822,229,673317986296586240,8962800
7014,2911,673295268553605120,8962800
1000,333,673270968295534593,8962800
1334,655,673240798075449344,8962800
2079,772,673213039743795200,8962800
1581,577,673148804208660480,8962800
1845,658,672997845381865473,8962800
881,268,672995267319328768,8962800
913,267,672988786805112832,8962800
1178,506,672984142909456390,8962800
1701,934,672980819271634944,8962800
1562,829,672975131468300288,8962800
881,328,672970152493887488,8962800
1236,497,672968025906282496,8963224
1326,589,672964561327235073,8962800
1282,457,672902681409806336,8962800
842,390,672898206762672129,8962800
1435,776,672884426393653248,8962800
960,325,672877615439593473,8962800
1218,528,672834301050937345,8962800
1164,450,672828477930868736,8962800
914,289,672640509974827008,8962800
1200,444,672622327801233409,8962800
1139,534,672614745925664768,8962800
1028,357,672609152938721280,8962800
1029,364,672604026190569472,8962800
1239,565,672594978741354496,8962800
886,305,672591762242805761,8962800
671,174,672591271085670400,8962800
949,335,672538107540070400,8962800
584,151,672523490734551040,8962800
1038,399,672488522314567680,8962800
1046,547,672482722825261057,8962800
672,120,672481316919734272,8962800
1353,647,672475084225949696,8962800
1259,483,672466075045466113,8962800
5997,3092,672272411274932228,8962800
1381,564,672267570918129665,8962800
1056,307,672264251789176834,8962800
2628,1409,672256522047614977,8962800
1334,683,672254177670729728,8962800
1612,552,672248013293752320,8962800
631,143,672245253877968896,8962800
837,297,672239279297454080,8962800
1699,928,672231046314901505,8962800
732,193,672222792075620352,8962800
2095,1052,672205392827572224,8962800
951,336,672169685991993344,8962800
819,328,672160042234327040,8962800
1619,639,672139350159835138,8962800
2218,1050,672125275208069120,8962800
926,339,672095186491711488,8962800
882,338,672082170312290304,8962800
1197,468,672068090318987265,8962800
7930,3852,671896809300709376,8962800
1220,520,671891728106971137,8962800
3251,1279,671882082306625538,8962800
1311,608,671879137494245376,8962800
1169,506,671874878652489728,8962800
1047,449,671866342182637568,8962800
837,398,671855973984772097,8962800
6591,3182,671789708968640512,8962800
1114,455,671768281401958400,8962800
1551,828,671763349865160704,8962800
1264,708,671744970634719232,8962800
699,218,671743150407421952,8962800
1343,692,671735591348891648,8962800
11916,6649,671561002136281088,8962800
1254,539,671547767500775424,8962800
1825,956,671544874165002241,8962800
1015,518,671542985629241344,8962800
867,352,671538301157904385,8962800
1098,371,671536543010570240,8962800
947,533,671533943490011136,8962800
782,235,671528761649688577,8962800
1298,488,671520732782923777,8962800
882,272,671518598289059840,8962800
1480,645,671511350426865664,8962800
6499,3291,671504605491109889,8962800
861,416,671497587707535361,8962800
933,440,671488513339211776,8962800
536,181,671486386088865792,8962800
711,213,671485057807351808,8962800
1337,688,671390180817915904,8962800
1035,270,671362598324076544,8962800
372,144,671357843010908160,8962800
452,111,671355857343524864,8962800
881,389,671347597085433856,8962800
675,190,671186162933985280,8962800
1033,308,671182547775299584,8962800
808,313,671166507850801152,8962800
1527,1013,671163268581498880,8962800
334,74,671159727754231808,8962800
659,202,671154572044468225,8962800
617,139,671151324042559489,8962800
618,200,671147085991960577,8962800
1072,602,671141549288370177,8962800
858,370,671138694582165504,8962800
690,174,671134062904504320,8962800
3231,2305,671122204919246848,8962800
1268,714,671115716440031232,8962800
1065,399,671109016219725825,8962800
1025,265,670995969505435648,8962800
22979,7975,670842764863651840,8962800
544,177,670840546554966016,8962800
1029,637,670838202509447168,8962800
402,113,670833812859932673,8962800
675,198,670832455012716544,8962800
5117,3716,670826280409919488,8962800
716,170,670823764196741120,8962800
561,89,670822709593571328,8962800
2936,1405,670815497391357952,8962800
1048,246,670811965569282048,8962800
1080,450,670807719151067136,8962800
1826,876,670804601705242624,8962800
319,83,670803562457407488,8962800
688,213,670797304698376195,8962800
775,251,670792680469889025,8962800
611,219,670789397210615808,8962800
556,183,670786190031921152,8962800
772,351,670783437142401025,8962800
1429,703,670782429121134593,8962800
737,266,670780561024270336,8962800
311,68,670778058496974848,8962800
1007,388,670764103623966721,8962800
403,96,670755717859713024,8962800
894,470,670733412878163972,8962800
776,328,670727704916926465,8962800
1101,442,670717338665226240,8962800
725,341,670704688707301377,8962800
548,221,670691627984359425,8962800
697,257,670679630144274432,8962800
227,37,670676092097810432,8962800
9915,4566,670668383499735048,8962800
1408,678,670474236058800128,8962800
335,81,670468609693655041,8962800
907,502,670465786746662913,8962800
512,188,670452855871037440,8962800
1121,596,670449342516494336,8962800
6290,1819,670444955656130560,8962800
601,185,670442337873600512,8962800
985,473,670435821946826752,8962800
1321,591,670434127938719744,8962800
309,103,670433248821026816,8962800
1293,565,670428280563085312,8962800
487,146,670427002554466305,8962800
1218,578,670421925039075328,8962800
573,287,670420569653809152,8962800
532,300,670417414769758208,8962800
1876,818,670411370698022913,8962800
514,201,670408998013820928,8962800
396,141,670403879788544000,8962800
522,189,670385711116361728,8962800
698,248,670374371102445568,8962800
309,60,670361874861563904,8962800
398,101,670338931251150849,8962800
3627,1122,670319130621435904,8962800
405,120,670303360680108032,8962800
648,262,670290420111441920,8962800
956,305,670093938074779648,8962800
649,229,670086499208155136,8962800
2054,1118,670079681849372674,8962800
1452,719,670073503555706880,8962800
579,216,670069087419133954,8962800
701,304,670061506722140161,8962800
615,296,670055038660800512,8962800
599,159,670046952931721218,8962800
701,103,670040295598354432,8962800
551,253,670037189829525505,8962800
311,84,670003130994700288,8962800
299,75,669993076832759809,8962800
413,141,669972011175813120,8962800
284,50,669970042633789440,8962800
465,144,669942763794931712,8962800
352,88,669926384437997569,8962800
219,53,669923323644657664,8962800
744,367,669753178989142016,8962800
242,60,669749430875258880,8962800
352,100,669683899023405056,8962800
329,124,669682095984410625,8962800
623,266,669680153564442624,8962800
752,391,669661792646373376,8962800
3275,1658,669625907762618368,8962800
888,334,669603084620980224,8962800
476,139,669597912108789760,8962800
1381,851,669583744538451968,8962800
403,127,669573570759163904,8962800
1478,930,669571471778410496,8962800
218,48,669567591774625800,8962800
362,110,669564461267722241,8962800
331,67,669393256313184256,8962800
1230,664,669375718304980992,8962800
455,163,669371483794317312,8962800
425,139,669367896104181761,8962800
580,209,669363888236994561,8962800
345,110,669359674819481600,8962800
2501,1169,669354382627049472,8962800
402,166,669351434509529089,8962800
941,381,669328503091937280,8962800
532,112,669327207240699904,8962800
456,192,669324657376567296,8962800
1105,370,669216679721873412,8962800
401,148,669214165781868544,8962800
933,430,669203728096960512,8962800
607,284,669037058363662336,8962800
687,345,669015743032369152,8962800
538,223,669006782128353280,8962800
19412,5815,669000397445533696,8962800
408,206,668994913074286592,8962800
690,311,668992363537309700,8962800
621,303,668989615043424256,8962800
834,422,668988183816871936,8962800
511,149,668986018524233728,8963224
503,276,668981893510119424,8962800
736,317,668979806671884288,8962800
1210,530,668975677807423489,8962800
654,224,668960084974809088,8962800
255,65,668955713004314625,8962800
238,52,668932921458302977,8962800
297,91,668902994700836864,8962800
371,135,668892474547511297,8962800
491,278,668872652652679168,8962800
422,147,668852170888998912,8962800
395,122,668826086256599040,8962800
516,237,668815180734689280,8962800
662,342,668779399630725120,8962800
486,202,668655139528511488,8962800
810,484,668645506898350081,8962800
810,472,668643542311546881,8962800
987,493,668641109086707712,8962800
962,453,668636665813057536,8962800
2583,1460,668633411083464705,8962800
657,293,668631377374486528,8962800
290,100,668627278264475648,8962800
351,118,668625577880875008,8962800
1309,686,668623201287675904,8962800
184,36,668620235289837568,8962800
575,294,668614819948453888,8962800
220,49,668567822092664832,8962800
476,209,668544745690562560,8962800
422,193,668542336805281792,8962800
237,64,668537837512433665,8962800
429,204,668528771708952576,8962800
301,95,668507509523615744,8962800
379,120,668496999348633600,8962800
389,215,668484198282485761,8962800
421,130,668480044826800133,8962800
816,465,668466899341221888,8962800
580,273,668297328638447616,8962800
225,29,668291999406125056,8962800
470,125,668286279830867968,8962800
763,212,668274247790391296,8962800
510,214,668268907921326080,8962800
1200,544,668256321989451776,8962800
883,430,668248472370458624,8962800
5721,2583,668237644992782336,8962800
269,92,668226093875376128,8962800
473,180,668221241640230912,8962800
518,182,668204964695683073,8962800
602,183,668190681446379520,8962800
450,173,668171859951755264,8962800
462,286,668154635664932864,8962800
538,257,668142349051129856,8962800
620,217,668113020489474048,8962800
1154,732,667937095915278337,8962800
275,97,667924896115245057,8962800
196,51,667915453470232577,8962800
453,264,667911425562669056,8962800
798,350,667902449697558528,8962800
1729,977,667886921285246976,8962800
767,427,667885044254572545,8962800
369,107,667878741721415682,8962800
578,369,667873844930215936,8962800
2819,945,667866724293877760,8962800
229,74,667861340749471744,8962800
267,57,667832474953625600,8962800
978,448,667806454573760512,8962800
299,87,667801013445750784,8962800
643,305,667793409583771648,8962800
383,225,667782464991965184,8962800
216,47,667773195014021121,8962800
402,200,667766675769573376,8962800
349,140,667728196545200128,8962800
444,288,667724302356258817,8962800
5324,2059,667549055577362432,8962800
316,115,667546741521195010,8962800
793,485,667544320556335104,8962800
190,60,667538891197542400,8962800
758,481,667534815156183040,8962800
432,218,667530908589760512,8962800
1570,1027,667524857454854144,8962800
343,176,667517642048163840,8962800
6315,1944,667509364010450944,8962800
505,201,667502640335572993,8962800
484,244,667495797102141441,8962800
481,206,667491009379606528,8962800
233,88,667470559035432960,8962800
178,56,667455448082227200,8962800
291,80,667453023279554560,8962800
716,528,667443425659232256,8962800
416,214,667437278097252352,8962800
283,79,667435689202614272,8962800
431,205,667405339315146752,8962800
179,51,667393430834667520,8962800
338,151,667369227918143488,8962800
446,219,667211855547486208,8962800
569,239,667200525029539841,8962800
354,88,667192066997374976,8962800
682,359,667188689915760640,8962800
13157,5578,667182792070062081,8962800
177,50,667177989038297088,8962800
562,414,667176164155375616,8962800
228,71,667174963120574464,8962800
201,75,667171260800061440,8962800
2481,1026,667165590075940865,8962800
233,55,667160273090932737,8962800
44035,15316,667152164079423490,8962800
4203,1983,667138269671505920,8962800
304,118,667119796878725120,8962800
306,114,667090893657276420,8962800
372,108,667073648344346624,8962800
155,40,667065535570550784,8962800
201,47,667062181243039745,8962800
173,44,667044094246576128,8962800
418,198,667012601033924608,8962800
224,80,666996132027977728,8962800
2337,884,666983947667116034,8962800
744,497,666837028449972224,8962800
193,71,666835007768551424,8962800
235,82,666826780179869698,8962800
466,229,666817836334096384,8962800
214,82,666804364988780544,8962800
687,435,666786068205871104,8962800
352,173,666781792255496192,8962800
317,153,666776908487630848,8962800
216,60,666739327293083650,8962800
389,194,666701168228331520,8962800
170,44,666691418707132416,8962800
1025,565,666649482315059201,8962800
216,73,666644823164719104,8962800
467,191,666454714377183233,8962800
94,18,666447344410484738,8962800
110,42,666437273139982337,8962800
145,45,666435652385423360,8962800
288,172,666430724426358785,8962800
147,72,666428276349472768,8963224
290,96,666421158376562688,8962800
109,40,666418789513326592,8962800
392,283,666411507551481857,8962800
98,31,666407126856765440,8962800
151,72,666396247373291520,8962800
168,76,666373753744588802,8962800
692,495,666362758909284353,8962800
192,63,666353288456101888,8962800
264,128,666345417576210432,8962800
174,81,666337882303524864,8962800
449,307,666293911632134144,8962800
131,57,666287406224695296,8962800
156,69,666273097616637952,8962800
93,32,666268910803644416,8962800
13180,5746,666104133288665088,8962800
69,11,666102155909144576,8962800
139,57,666099513787052032,8962800
152,66,666094000022159362,8962800
101,41,666082916733198337,8962800
282,140,666073100786774016,8962800
134,52,666071193221509120,8962800
432,189,666063827256086533,8962800
102,50,666058600524156928,8962800
262,118,666057090499244032,8962800
396,211,666055525042405380,8962800
1084,742,666051853826850816,8962800
118,51,666050758794694657,8962800
94,38,666049248165822465,8962800
260,122,666044226329800704,8962800
107,39,666033412701032449,8962800
117,41,666029285002620928,8962800
2345,444,666020888022790149,8962800
